Material Name:	TKS M 330-35 A
Comment:	PowerCore® M 330-35 A ;ThyssenKrupp Steel Europe AG
Expire Date:	01.10.10
Mass Density:	7650	kg/m^3
Temperature:	23	°C
H[A/m]	B[T]	J[T]
0	0	0
27.335	0.09846	0.09842565
36.859	0.19567	0.1956237
43.131	0.29244	0.2923858
48.591	0.38881	0.3887489
54.312	0.4886	0.4885317
60.52	0.58839	0.5883139
67.721	0.68821	0.6881249
76.527	0.79188	0.7917839
87.672	0.89048	0.8903698
102.445	0.99328	0.9931512
123.899	1.09479	1.094634
158.395	1.19935	1.199151
225.792	1.29923	1.298946
414.968	1.40056	1.400039
1123.928	1.49996	1.498548
1924.754	1.55171	1.549291
3058.913	1.60304	1.599196
4520.288	1.65568	1.65
4999.998	1.67057	1.664287
9999.996	1.79413	1.781564
15000	1.88241	1.86356
20000	1.94458	1.919447
25000	1.98775	1.956334
30000.01	2.01739	1.979691
35000	2.03634	1.992358
39999.99	2.04925	1.998984

f=0 Hz
B[T]	P[W/kg]
0.09846	0.02111
0.19567	0.07543
0.29244	0.1496
0.38881	0.23707
0.4886	0.34032
0.58839	0.45407
0.68821	0.57983
0.79188	0.72368
0.89048	0.87246
0.99328	1.0475
1.09479	1.23918
1.19935	1.4628
1.29923	1.70607
1.40056	2.03515
1.49996	2.40776
1.55171	2.59669
1.60304	2.71148
1.65568	2.73928

f=50 Hz
B[T]	P[W/kg]
0.10004	0.02432
0.20005	0.09362
0.30007	0.19331
0.40107	0.31611
0.50108	0.45593
0.6011	0.6152
0.70111	0.79027
0.80112	0.98359
0.90113	1.19635
1.00116	1.42979
1.10119	1.69119
1.20123	1.98906
1.30032	2.34043
1.40056	2.77933
1.50252	3.25836
1.60403	3.72036
1.7082	4.12401
1.81419	4.48632
1.92232	4.82796

f=100 Hz
B[T]	P[W/kg]
0.10104	0.05593
0.20005	0.21398
0.30007	0.44742
0.40108	0.73799
0.50109	1.0772
0.6001	1.4614
0.70111	1.88936
0.80012	2.36109
0.90114	2.88024
1.00016	3.46383
1.10118	4.08875
1.20023	4.80851
1.30132	5.6535
1.40056	6.70638
1.50153	8.05106
1.60408	9.21337

f=200 Hz
B[T]	P[W/kg]
0.10104	0.13495
0.20106	0.5228
0.30007	1.10395
0.40109	1.83587
0.5011	2.70274
0.60011	3.69362
0.70013	4.80729
0.80114	6.0535
0.90115	7.43708
1.00117	8.97872
1.10119	10.71246
1.20123	12.66505
1.30032	14.9228
1.40157	17.91003
1.50152	21.26079

f=400 Hz
B[T]	P[W/kg]
0.10105	0.35623
0.20107	1.37629
0.30109	2.91307
0.40111	4.86201
0.50112	7.19271
0.60014	9.88815
0.70115	12.97264
0.80118	16.49483
0.90119	20.76109
1.00021	25.39331
1.10024	30.69423
1.20027	36.78176
1.30032	43.81398
1.40055	52.17994

f=500 Hz
B[T]	P[W/kg]
0.10105	0.4924
0.20107	1.89666
0.3011	4.00729
0.40111	6.68936
0.50013	9.89787
0.60115	13.65106
0.70017	17.98541
0.80119	23.30091
0.90121	29.1234
1.00024	35.86383
1.10027	43.61216
1.20129	52.52644
1.30035	62.82189
1.40055	75.031

f=1000 Hz
B[T]	P[W/kg]
0.10006	1.44316
0.20109	5.37508
0.30112	11.18663
0.40015	18.61277
0.50017	27.74225
0.6012	39.37629
0.70023	52.7842
0.80027	68.76231
0.90131	87.68875
1.00035	110.0474
1.1014	136.3149

f=2000 Hz
B[T]	P[W/kg]
0.10107	4.36353
0.20112	15.55501
0.30116	31.8152
0.4012	54.26504
0.50124	81.81398
0.60129	116.5909

