Material Name:	TK M 270-50 A
Comment:	PowerCore® M 270-50 A by ThyssenKrupp
Expire Date:	01.01.17
Mass Density:	7600	kg/m^3
Temperature:	20	°C
H[A/m]	B[T]	J[T]
0	0	0
28,706	0,29611	0,2960739
34,685	0,42466	0,4246164
37,775	0,48668	0,4866325
43,027	0,58458	0,5845259
49,279	0,68808	0,6880181
57,122	0,79257	0,7924982
67,176	0,89053	0,8904456
81,116	0,99193	0,9918281
102,329	1,09402	1,093891
140,585	1,19588	1,195703
234,933	1,29911	1,298815
567,384	1,39989	1,399177
1661,021	1,50126	1,499173
3859,117	1,6041	1,59925
3999,999	1,60983	1,604803
4999,999	1,64407	1,637787
8000,002	1,7249	1,714847
9999,997	1,77105	1,758484
15000	1,85302	1,83417
20000	1,90527	1,880137
25000	1,93962	1,908204
30000,01	1,95933	1,921631
35000	1,97309	1,929108
40000	1,98376	1,933495

f=0 Hz
B[T]	P[W/kg]
0,29611	0,08276
0,42466	0,13812
0,48668	0,17986
0,58458	0,23949
0,68808	0,30936
0,79257	0,38325
0,89053	0,46693
0,99193	0,556
1,09402	0,65786
1,19588	0,78637
1,29911	0,93357
1,39989	1,1528
1,50126	1,34779
1,6041	1,47813

f=50 Hz
B[T]	P[W/kg]
0,10004	0,01742
0,19993	0,06489
0,30003	0,13374
0,39984	0,21953
0,49985	0,32058
0,59973	0,43576
0,69986	0,5655
0,79974	0,70905
0,89983	0,8681
1,00006	1,04508
1,09979	1,24288
1,19976	1,47257
1,29987	1,75635
1,40035	2,10822
1,50154	2,50134
1,60471	2,86479
1,7091	3,19965
1,81596	3,63271
1,92936	4,03472

f=60 Hz
B[T]	P[W/kg]
0,6	0,55794
0,70001	0,72544
0,79983	0,91152
0,89959	1,11794
0,99991	1,34865
1,09982	1,60576
1,1999	1,90252
1,3	2,26878
1,40082	2,72279
1,50189	3,22734
1,60468	3,67421
1,7088	4,10968
1,81581	4,67193
1,92933	5,19935

f=100 Hz
B[T]	P[W/kg]
0,09998	0,04382
0,19996	0,16385
0,30005	0,34021
0,39991	0,56276
0,50006	0,82913
0,59988	1,13703
0,69986	1,48724
0,80019	1,88366
0,90007	2,32534
0,99989	2,81701
1,10005	3,36962
1,19998	3,99873
1,30009	4,76503
1,35007	5,18272
1,40065	5,6926
1,45136	6,2379
1,50204	6,76668
1,55308	7,26648
1,60495	7,79219
1,65675	8,29154
1,70905	8,89921
1,76206	9,34143
1,8157	10,08298
1,87081	10,67983
1,90554	10,9702

f=200 Hz
B[T]	P[W/kg]
0,09993	0,11879
0,20001	0,44273
0,29989	0,92091
0,40001	1,53215
0,4997	2,26899
0,59979	3,141
0,70009	4,1513
0,80003	5,31064
0,89993	6,63208
0,99974	8,13091
1,09993	9,7637
1,19992	11,68238
1,29985	13,9493
1,40066	16,76751
1,50171	20,09443
1,6046	23,4855
1,70879	27,29873
1,76445	29,7266

f=400 Hz
B[T]	P[W/kg]
0,09991	0,34258
0,19996	1,2427
0,29988	2,56379
0,3998	4,26395
0,49984	6,36102
0,60012	8,90684
0,69983	11,89378
0,80013	15,45504
0,89989	19,61617
0,99979	24,48583
1,10003	30,23028
1,20007	36,94709
1,30025	44,80164
1,40057	54,17411
1,50228	65,54752
1,55294	71,45256

f=500 Hz
B[T]	P[W/kg]
0,10003	0,48883
0,19998	1,75314
0,29974	3,59694
0,3998	5,99615
0,4998	8,98407
0,5998	12,59854
0,69983	16,94718
0,79988	22,13473
0,9	28,30644
0,99978	35,56026
1,10014	44,13933
1,20012	54,26429
1,2999	66,20894
1,40044	80,46979
1,50167	97,30149
1,55513	106,6507

f=700 Hz
B[T]	P[W/kg]
0,10001	0,83012
0,20009	2,95778
0,29977	6,0312
0,39997	10,08216
0,50009	15,18704
0,6001	21,49022
0,69979	29,15039
0,80023	38,47263
0,89979	49,6766
1,00015	63,15946
1,10014	79,24615
1,2002	98,44354
1,30034	121,4051
1,40057	148,0132
1,50186	179,1152

f=1000 Hz
B[T]	P[W/kg]
0,09999	1,46318
0,19999	5,11656
0,29995	10,42442
0,40002	17,51593
0,50009	26,59694
0,59995	37,93704
0,70013	52,16777
0,80024	69,75256
0,90031	91,36025
0,99993	117,4753
1,10012	149,3678
1,20031	187,1727
1,30051	232,3096
1,40086	284,5297
1,50176	345,0353

f=2000 Hz
B[T]	P[W/kg]
0,09986	4,44146
0,19995	14,999
0,3	30,62788
0,39995	52,27522
0,50022	81,43005
0,60017	119,5527
0,6984	168,3785
0,80037	234,3558
0,90036	314,9773
1,00073	414,8937
1,09771	531,935
1,20074	678,1768

